L   ::         135843.17342         136509.00000                        17.50625    0.98000    0.70000    0.25000
L   ::         135843.17342         136509.00000                        17.50625    0.98000    0.70000    0.25000
L   ::         135843.17342         136509.00000                        17.50625    0.98000    0.70000    0.25000
L   ::         135843.17342         136509.00000                        17.50625    0.98000    0.70000    0.25000
L   ::         135843.17342         136509.00000                        17.50625    0.98000    0.70000    0.25000
L   ::         135843.17342         136509.00000                        17.50625    0.98000    0.70000    0.25000
L   ::         135843.17342         136509.00000                        17.50625    0.98000    0.70000    0.25000
L   ::         135843.17342         136509.00000                        17.50625    0.98000    0.70000    0.25000
DW  ::         136365.68810         136552.00000                        52.39185    0.98000        400 
DW  ::         136365.68810         136552.00000                        34.23438    0.80000        200 
DW  ::         136365.68810         136537.00000                       136.47976    0.95000       1000 
DW  ::         136365.68810         136537.00000                       137.54210    0.98000       1000 
DW  ::         136365.68810         136571.00000                        23.16355    0.95000        100 
DW  ::         136365.68810         136552.00000                        34.34988    0.95000        200 
DW  ::         136365.68810         136577.00000                        26.40673    0.95000         50 
